1/15/2023,10|0|0|0|0|0|0
1/15/2023,10|7|0|0|0|0|0
1/15/2023,10|7|7|0|0|0|0
1/15/2023,10|7|7|6|0|0|0
1/15/2023,10|7|7|6|4|0|0
1/15/2023,10|7|7|6|4|5|0
1/15/2023,10|7|7|6|4|5|4
1/22/2023,7|0|0|0|0|0|0
1/22/2023,7|7|0|0|0|0|0
1/22/2023,7|7|4|0|0|0|0
1/22/2023,7|7|4|12|0|0|0
1/22/2023,7|7|4|12|10|0|0
1/22/2023,7|7|4|12|10|4|0
1/22/2023,7|7|4|12|10|4|6
1/29/2023,4|0|0|0|0|0|0
1/29/2023,4|10|0|0|0|0|0
1/29/2023,4|10|9|0|0|0|0
1/29/2023,4|10|9|9|0|0|0
1/29/2023,4|10|9|9|8|0|0
1/29/2023,4|10|9|9|8|5|0
1/29/2023,4|10|9|9|8|5|5
